00000000000000000000000000000000           x
xxxxxxxxxxxxxxxxxxxxxxxxxxxxxxxx           x
xxxxxxxxxxxxxxxxxxxxxxxxxxxxxxxx      -64212
00000000000000011001101001101001      -64212
00000000000000011001101001101001      -62888
00000000000000011001101001101001      -61564
00000000000000011001101001101001      -60240
00000000000000010101010100110100      -60240
00000000000000010101010100110100      -58916
00000000000000010101010100110100      -57592
00000000000000010101010100110100      -56268
00000000000000010101010100110100      -54944
00000000000000010101010100110100      -53620
00000000000000010101010100110100      -52296
00000000000000010101010110101001      -52296
00000000000000010101010110101001      -50972
00000000000000010101010110101001      -49648
00000000000000010101010110101001      -48324
00000000000000010101010110101001      -47000
00000000000000010101010110101001      -45676
00000000000000010101010110101001      -44352
00000000000000010010011001010001      -44352
00000000000000010010011001010001      -43028
00000000000000010010011001010001      -41704
00000000000000010010011001010001      -40380
00000000000000010010011001010001      -39056
00000000000000010010011001010001      -37732
00000000000000010010011001010001      -36408
00000000000000010010011001010001      -35084
00000000000000010010010101100110      -35084
00000000000000010010010101100110      -33760
00000000000000010010010101100110      -32437
00000000000000010010010101100110      -31113
00000000000000010010010101100110      -29789
00000000000000010010010101100110      -28465
00000000000000010010010101100110      -27141
00000000000000010000100101111100      -27141
00000000000000010000100101111100      -25817
00000000000000010000100101111100      -24493
00000000000000010000100101111100      -23169
00000000000000010000100101111100      -21845
00000000000000010000100101111100      -20521
00000000000000010000100101111100      -19197
00000000000000010000100110100010      -19197
00000000000000010000100110100010      -17873
00000000000000010000100110100010      -16549
00000000000000010000100110100010      -15225
00000000000000010000100110100010      -13901
00000000000000010000100110100010      -12577
00000000000000010000100110100010      -11253
00000000000000010000100110100010       -9929
00000000000000001111111010110110       -9929
00000000000000001111111010110110       -8605
00000000000000001111111010110110       -7281
00000000000000001111111010110110       -5957
00000000000000001111111010110110       -4633
00000000000000001111111010110110       -3309
00000000000000001111111010110110       -1985
00000000000000001111111010111000       -1985
00000000000000001111111010111000        -661
00000000000000001111111010111000         661
00000000000000001111111010111111         661
00000000000000001111111010111111        1985
00000000000000001111111010111111        3309
00000000000000001111111010110011        3309
00000000000000001111111010110011        4633
00000000000000001111111010110011        5957
00000000000000001111111010110011        7281
00000000000000001111111010110011        8605
00000000000000001111111010110011        9929
00000000000000001111111010110011       11253
00000000000000010000100110100111       11253
00000000000000010000100110100111       12577
00000000000000010000100110100111       13901
00000000000000010000100110100111       15225
00000000000000010000100110100111       16549
00000000000000010000100110100111       17873
00000000000000010000100110100111       19197
00000000000000010000100110100111       20521
00000000000000010000100101111001       20521
00000000000000010000100101111001       21845
00000000000000010000100101111001       23169
00000000000000010000100101111001       24493
00000000000000010000100101111001       25817
00000000000000010000100101111001       27141
00000000000000010000100101111001       28465
00000000000000010010010101101011       28465
00000000000000010010010101101011       29789
00000000000000010010010101101011       31113
00000000000000010010010101101011       32437
00000000000000010010010101101011       33760
00000000000000010010010101101011       35084
00000000000000010010010101101011       36408
00000000000000010010011001001101       36408
00000000000000010010011001001101       37732
00000000000000010010011001001101       39056
00000000000000010010011001001101       40380
00000000000000010010011001001101       41704
00000000000000010010011001001101       43028
00000000000000010010011001001101       44352
00000000000000010010011001001101       45676
00000000000000010101010110101101       45676
00000000000000010101010110101101       47000
00000000000000010101010110101101       48324
00000000000000010101010110101101       49648
00000000000000010101010110101101       50972
00000000000000010101010110101101       52296
00000000000000010101010110101101       53620
00000000000000010101010100101110       53620
00000000000000010101010100101110       54944
00000000000000010101010100101110       56268
00000000000000010101010100101110       57592
00000000000000010101010100101110       58916
00000000000000010101010100101110       60240
00000000000000010101010100101110       61564
00000000000000011001101001101011       61564
00000000000000011001101001101011       62888
00000000000000011001101001101011       64212
00000000000000011001101001101011       65536
