xxxxxxxxxxxxxxxxxxxx        x
xxxxxxxxxxxxxxxxxxxx        0
00000000000011001110        0
00000000000011001110       16
00000000010011001111       16
00000000010011001111       32
00000000100011001101       32
00000000100011001101       48
00000000110011001100       48
00000000110011001100       64
00000001001011000110       64
00000001001011000110       80
00000001011001111110       80
00000001011001111110       96
00000001101001110111       96
00000001101001110111      112
00000001111001110000      112
00000001111001110000      128
00000010010001100010      128
00000010010001100010      144
00000010100001010101      144
00000010100001010101      160
00000010110001001000      160
00000010110001001000      176
00000011000000110110      176
00000011000000110110      192
00000011010000011011      192
00000011010000011011      208
00000011100111110100      208
00000011100111110100      224
00000011110111011000      224
00000011110111011000      240
00000100000110110111      240
00000100000110110111      256
00000100011101111110      256
00000100011101111110      272
00000100101101010010      272
00000100101101010010      288
00000100111100100001      288
00000100111100100001      304
00000101001011000010      304
00000101001011000010      320
00000101100001101010      320
00000101100001101010      336
00000101110000100111      336
00000101110000100111      352
00000101111111011111      352
00000101111111011111      368
00000110001110010000      368
00000110001110010000      384
00000110100100001111      384
00000110100100001111      400
00000110110010110000      400
00000110110010110000      416
00000111000001000100      416
00000111000001000100      432
00000111001111011000      432
00000111001111011000      448
00000111100100101001      448
00000111100100101001      464
00000111110010101011      464
00000111110010101011      480
00001000000000100101      480
00001000000000100101      496
00001000001110010111      496
00001000001110010111      512
00001000100010110010      512
00001000100010110010      528
00001000101111010101      528
00001000101111010101      544
00001000111100101001      544
00001000111100101001      560
00001001001001110110      560
00001001001001110110      576
00001001011101011000      576
00001001011101011000      592
00001001101010001100      592
00001001101010001100      608
00001001110110110110      608
00001001110110110110      624
00001010000011010111      624
00001010000011010111      640
00001010001111101001      640
00001010001111101001      656
00001010100001110111      656
00001010100001110111      672
00001010101101110101      672
00001010101101110101      688
00001010111001100111      688
00001010111001100111      704
00001011001010111110      704
00001011001010111110      720
00001011010001101010      720
00001011010001101010      736
00001011100010011111      736
00001011100010011111      752
00001011101101011111      752
00001011101101011111      768
00001011111000010010      768
00001011111000010010      784
00001100000010111001      784
00001100000010111001      800
00001100010010011100      800
00001100010010011100      816
00001100011100100001      816
00001100011100100001      832
00001100100110011110      832
00001100100110011110      848
00001100110000001110      848
00001100110000001110      864
00001100111110100000      864
00001100111110100000      880
00001101000111101111      880
00001101000111101111      896
00001101010000110001      896
00001101010000110001      912
00001101011001100111      912
00001101011001100111      928
00001101100001101101      928
00001101100001101101      944
00001101101110010000      944
00001101101110010000      960
00001101110110010111      960
00001101110110010111      976
00001101111110001111      976
00001101111110001111      992
00001110001001101100      992
00001110001001101100     1008
00001110010001000010     1008
00001110010001000010     1024
00001110011000001001     1024
00001110011000001001     1040
00001110011111000001     1040
00001110011111000001     1056
00001110100101101010     1056
00001110100101101010     1072
00001110101111010000     1072
00001110101111010000     1088
00001110110101010110     1088
00001110110101010110     1104
00001110111011010000     1104
00001110111011010000     1120
00001111000011100111     1120
00001111000011100111     1136
00001111001000111001     1136
00001111001000111001     1152
00001111001101110000     1152
00001111001101110000     1168
00001111010010100100     1168
00001111010010100100     1184
00001111011001010111     1184
00001111011001010111     1200
00001111011101100111     1200
00001111011101100111     1216
00001111100001100101     1216
00001111100001100101     1232
00001111100101010100     1232
00001111100101010100     1248
00001111101010011101     1248
00001111101010011101     1264
00001111101101100110     1264
00001111101101100110     1280
00001111110000011110     1280
00001111110000011110     1296
00001111110011001000     1296
00001111110011001000     1312
00001111110110101000     1312
00001111110110101000     1328
00001111111000101000     1328
00001111111000101000     1344
00001111111010011010     1344
00001111111010011010     1360
00001111111011111010     1360
00001111111011111010     1376
00001111111101001010     1376
00001111111101001010     1392
00001111111110100110     1392
00001111111110100110     1408
00001111111111010010     1408
00001111111111010010     1424
00001111111111101100     1424
00001111111111101100     1440
00001111111111111000     1440
00001111111111111000     1456
00001111111111101100     1456
00001111111111101100     1472
00001111111111010010     1472
00001111111111010010     1488
00001111111110100110     1488
00001111111110100110     1504
00001111111101001010     1504
00001111111101001010     1520
00001111111011111010     1520
00001111111011111010     1536
00001111111010011010     1536
00001111111010011010     1552
00001111111000101000     1552
00001111111000101000     1568
00001111110101100000     1568
00001111110101100000     1584
00001111110011001000     1584
00001111110011001000     1600
00001111110000011110     1600
00001111110000011110     1616
00001111101101100110     1616
00001111101101100110     1632
00001111101010011101     1632
00001111101010011101     1648
00001111100101010100     1648
00001111100101010100     1664
00001111100001100101     1664
00001111100001100101     1680
00001111011101100111     1680
00001111011101100111     1696
00001111010111001001     1696
00001111010111001001     1712
00001111010010100100     1712
00001111010010100100     1728
00001111001101110000     1728
00001111001101110000     1744
00001111001000111001     1744
00001111001000111001     1760
00001111000000111000     1760
00001111000000111000     1776
00001110111011010000     1776
00001110111011010000     1792
00001110110101010110     1792
00001110110101010110     1808
00001110101111010000     1808
00001110101111010000     1824
00001110100101101010     1824
00001110100101101010     1840
00001110011111000001     1840
00001110011111000001     1856
00001110011000001001     1856
00001110011000001001     1872
00001110010001000010     1872
00001110010001000010     1888
00001110000101111100     1888
00001110000101111100     1904
00001101111110001111     1904
00001101111110001111     1920
00001101110110010111     1920
00001101110110010111     1936
00001101101110010000     1936
00001101101110010000     1952
00001101100001101101     1952
00001101100001101101     1968
00001101011001100111     1968
00001101011001100111     1984
00001101010000110001     1984
00001101010000110001     2000
00001101000111101111     2000
00001101000111101111     2016
00001100111001110001     2016
00001100111001110001     2032
00001100110000001110     2032
00001100110000001110     2048
00001100100110011110     2048
00001100100110011110     2064
00001100011100100001     2064
00001100011100100001     2080
00001100010010011100     2080
00001100010010011100     2096
00001100000010111001     2096
00001100000010111001     2112
00001011111000010010     2112
00001011111000010010     2128
00001011101101011111     2128
00001011101101011111     2144
00001011011100111010     2144
00001011011100111010     2160
00001011010110010110     2160
00001011010110010110     2176
00001011000101001111     2176
00001011000101001111     2192
00001010111001100111     2192
00001010111001100111     2208
00001010101101110101     2208
00001010101101110101     2224
00001010100001110111     2224
00001010100001110111     2240
00001010001111101001     2240
00001010001111101001     2256
00001010000011010111     2256
00001010000011010111     2272
00001001110110110110     2272
00001001110110110110     2288
00001001101010001100     2288
00001001101010001100     2304
00001001010110111000     2304
00001001010110111000     2320
00001001001001110110     2320
00001001001001110110     2336
00001000111100101001     2336
00001000111100101001     2352
00001000101111010101     2352
00001000101111010101     2368
00001000100010110010     2368
00001000100010110010     2384
00001000001110010111     2384
00001000001110010111     2400
00001000000000100101     2400
00001000000000100101     2416
00000111110010101011     2416
00000111110010101011     2432
00000111011101100110     2432
00000111011101100110     2448
00000111001111011000     2448
00000111001111011000     2464
00000111000001000100     2464
00000111000001000100     2480
00000110110010110000     2480
00000110110010110000     2496
00000110100100001111     2496
00000110100100001111     2512
00000110001110010000     2512
00000110001110010000     2528
00000101111111011111     2528
00000101111111011111     2544
00000101110000100111     2544
00000101110000100111     2560
00000101011010000111     2560
00000101011010000111     2576
00000101001011000010     2576
00000101001011000010     2592
00000100111100100001     2592
00000100111100100001     2608
00000100101101010010     2608
00000100101101010010     2624
00000100010110010001     2624
00000100010110010001     2640
00000100000110110111     2640
00000100000110110111     2656
00000011110111011000     2656
00000011110111011000     2672
00000011100111110100     2672
00000011100111110100     2688
00000011010000011011     2688
00000011010000011011     2704
00000011000000110110     2704
00000011000000110110     2720
00000010110001001000     2720
00000010110001001000     2736
00000010100001010101     2736
00000010100001010101     2752
00000010001001100111     2752
00000010001001100111     2768
00000001111001110000     2768
00000001111001110000     2784
00000001101001110111     2784
00000001101001110111     2800
00000001011001111110     2800
00000001011001111110     2816
00000001001011000110     2816
00000001001011000110     2832
00000000110011001100     2832
00000000110011001100     2848
00000000100011001101     2848
00000000100011001101     2864
00000000010011001111     2864
00000000010011001111     2880
11111111111011001110     2880
11111111111011001110     2896
11111111101100110001     2896
11111111101100110001     2912
11111111011100110011     2912
11111111011100110011     2928
11111111001100110100     2928
11111111001100110100     2944
11111110110100111010     2944
11111110110100111010     2960
11111110100110000010     2960
11111110100110000010     2976
11111110010110001001     2976
11111110010110001001     2992
11111110000110010000     2992
11111110000110010000     3008
11111101101110011110     3008
11111101101110011110     3024
11111101011110101011     3024
11111101011110101011     3040
11111101001110111000     3040
11111101001110111000     3056
11111100111111001010     3056
11111100111111001010     3072
11111100101111100101     3072
11111100101111100101     3088
11111100011000001100     3088
11111100011000001100     3104
11111100001000101000     3104
11111100001000101000     3120
11111011111001001001     3120
11111011111001001001     3136
11111011100010000010     3136
11111011100010000010     3152
11111011010010101110     3152
11111011010010101110     3168
11111011000011011111     3168
11111011000011011111     3184
11111010110100111110     3184
11111010110100111110     3200
11111010011110010110     3200
11111010011110010110     3216
11111010001111011001     3216
11111010001111011001     3232
11111010000000100001     3232
11111010000000100001     3248
11111001110001110000     3248
11111001110001110000     3264
11111001011011110001     3264
11111001011011110001     3280
11111001001101010000     3280
11111001001101010000     3296
11111000111110111100     3296
11111000111110111100     3312
11111000110000101000     3312
11111000110000101000     3328
11111000011011010111     3328
11111000011011010111     3344
11111000001101010101     3344
11111000001101010101     3360
11110111111111011011     3360
11110111111111011011     3376
11110111110001101001     3376
11110111110001101001     3392
11110111011101001110     3392
11110111011101001110     3408
11110111010000101011     3408
11110111010000101011     3424
11110111000011010111     3424
11110111000011010111     3440
11110110110110001010     3440
11110110110110001010     3456
11110110100010101000     3456
11110110100010101000     3472
11110110010101110100     3472
11110110010101110100     3488
11110110001001001010     3488
11110110001001001010     3504
11110101111100101001     3504
11110101111100101001     3520
11110101110000010111     3520
11110101110000010111     3536
11110101011110001001     3536
11110101011110001001     3552
11110101010010001011     3552
11110101010010001011     3568
11110101000110011001     3568
11110101000110011001     3584
11110100110101000010     3584
11110100110101000010     3600
11110100101110010110     3600
11110100101110010110     3616
11110100011101100001     3616
11110100011101100001     3632
11110100010010100001     3632
11110100010010100001     3648
11110100000111101110     3648
11110100000111101110     3664
11110011111101000111     3664
11110011111101000111     3680
11110011101101100100     3680
11110011101101100100     3696
11110011100011011111     3696
11110011100011011111     3712
11110011011001100010     3712
11110011011001100010     3728
11110011001111110010     3728
11110011001111110010     3744
11110011000001100000     3744
11110011000001100000     3760
11110010111000010001     3760
11110010111000010001     3776
11110010101111001111     3776
11110010101111001111     3792
11110010100110011001     3792
11110010100110011001     3808
11110010011110010011     3808
11110010011110010011     3824
11110010010001110000     3824
11110010010001110000     3840
11110010001001101001     3840
11110010001001101001     3856
11110010000001110001     3856
11110010000001110001     3872
11110001110110010100     3872
11110001110110010100     3888
11110001101110111110     3888
11110001101110111110     3904
11110001100111110111     3904
11110001100111110111     3920
11110001100000111111     3920
11110001100000111111     3936
11110001011010010110     3936
11110001011010010110     3952
11110001010000110000     3952
11110001010000110000     3968
11110001001010101010     3968
11110001001010101010     3984
11110001000100110000     3984
11110001000100110000     4000
11110000111100011001     4000
11110000111100011001     4016
11110000110111000111     4016
11110000110111000111     4032
11110000110010010000     4032
11110000110010010000     4048
11110000101101011100     4048
11110000101101011100     4064
11110000100110101001     4064
11110000100110101001     4080
11110000100010011001     4080
11110000100010011001     4096
11110000011110011011     4096
11110000011110011011     4112
11110000011010101100     4112
11110000011010101100     4128
11110000010101100011     4128
11110000010101100011     4144
11110000010010011010     4144
11110000010010011010     4160
11110000001111100010     4160
11110000001111100010     4176
11110000001100111000     4176
11110000001100111000     4192
11110000001001011000     4192
11110000001001011000     4208
11110000000111011000     4208
11110000000111011000     4224
11110000000101100110     4224
11110000000101100110     4240
11110000000100000110     4240
11110000000100000110     4256
11110000000010110110     4256
11110000000010110110     4272
11110000000001011010     4272
11110000000001011010     4288
11110000000000101110     4288
11110000000000101110     4304
11110000000000010100     4304
11110000000000010100     4320
11110000000000001000     4320
11110000000000001000     4336
11110000000000010100     4336
11110000000000010100     4352
11110000000000101110     4352
11110000000000101110     4368
11110000000001011010     4368
11110000000001011010     4384
11110000000010110110     4384
11110000000010110110     4400
11110000000100000110     4400
11110000000100000110     4416
11110000000101100110     4416
11110000000101100110     4432
11110000000111011000     4432
11110000000111011000     4448
11110000001010100000     4448
11110000001010100000     4464
11110000001100111000     4464
11110000001100111000     4480
11110000001111100010     4480
11110000001111100010     4496
11110000010010011010     4496
11110000010010011010     4512
11110000010101100011     4512
11110000010101100011     4528
11110000011010101100     4528
11110000011010101100     4544
11110000011110011011     4544
11110000011110011011     4560
11110000100010011001     4560
11110000100010011001     4576
11110000101000110111     4576
11110000101000110111     4592
11110000101101011100     4592
11110000101101011100     4608
11110000110010010000     4608
11110000110010010000     4624
11110000110111001000     4624
11110000110111001000     4640
11110000111111001001     4640
11110000111111001001     4656
11110001000100110001     4656
11110001000100110001     4672
11110001001010101001     4672
11110001001010101001     4688
11110001010000101111     4688
11110001010000101111     4704
11110001011010010101     4704
11110001011010010101     4720
11110001100000111110     4720
11110001100000111110     4736
11110001100111110111     4736
11110001100111110111     4752
11110001101110111110     4752
11110001101110111110     4768
11110001111010000100     4768
11110001111010000100     4784
11110010000001110001     4784
11110010000001110001     4800
11110010001001101001     4800
11110010001001101001     4816
11110010010001110000     4816
11110010010001110000     4832
11110010011110010011     4832
11110010011110010011     4848
11110010100110011001     4848
11110010100110011001     4864
11110010101111001111     4864
11110010101111001111     4880
11110010111000010001     4880
11110010111000010001     4896
11110011000110001111     4896
11110011000110001111     4912
11110011001111110010     4912
11110011001111110010     4928
11110011011001100010     4928
11110011011001100010     4944
11110011100011011111     4944
11110011100011011111     4960
11110011101101100100     4960
11110011101101100100     4976
11110011111101000111     4976
11110011111101000111     4992
11110100000111101110     4992
11110100000111101110     5008
11110100010010100001     5008
11110100010010100001     5024
11110100100011000110     5024
11110100100011000110     5040
11110100101001101010     5040
11110100101001101010     5056
11110100111010110001     5056
11110100111010110001     5072
11110101000110011001     5072
11110101000110011001     5088
11110101010010001011     5088
11110101010010001011     5104
11110101011110001001     5104
11110101011110001001     5120
11110101110000010111     5120
11110101110000010111     5136
11110101111100101001     5136
11110101111100101001     5152
11110110001001001001     5152
11110110001001001001     5168
11110110010101110100     5168
11110110010101110100     5184
11110110101001001000     5184
11110110101001001000     5200
11110110110110001010     5200
11110110110110001010     5216
11110111000011010111     5216
11110111000011010111     5232
11110111010000101011     5232
11110111010000101011     5248
11110111011101001111     5248
11110111011101001111     5264
11110111110001101000     5264
11110111110001101000     5280
11110111111111011011     5280
11110111111111011011     5296
11111000001101010101     5296
11111000001101010101     5312
11111000100010011010     5312
11111000100010011010     5328
11111000110000101000     5328
11111000110000101000     5344
11111000111110111100     5344
11111000111110111100     5360
11111001001101010000     5360
11111001001101010000     5376
11111001011011110001     5376
11111001011011110001     5392
11111001110001110000     5392
11111001110001110000     5408
11111010000000100001     5408
11111010000000100001     5424
11111010001111011001     5424
11111010001111011001     5440
11111010100101111001     5440
11111010100101111001     5456
11111010110100111110     5456
11111010110100111110     5472
11111011000011011110     5472
11111011000011011110     5488
11111011010010101101     5488
11111011010010101101     5504
11111011101001101110     5504
11111011101001101110     5520
11111011111001001000     5520
11111011111001001000     5536
11111100001000100111     5536
11111100001000100111     5552
11111100011000001011     5552
11111100011000001011     5568
11111100101111100100     5568
11111100101111100100     5584
11111100111111001001     5584
11111100111111001001     5600
11111101001110110111     5600
11111101001110110111     5616
11111101011110101010     5616
11111101011110101010     5632
11111101110110011000     5632
11111101110110011000     5648
11111110000110001111     5648
11111110000110001111     5664
11111110010110001000     5664
11111110010110001000     5680
11111110100110000001     5680
11111110100110000001     5696
11111110110100111011     5696
11111110110100111011     5712
11111111001100110101     5712
11111111001100110101     5728
11111111011100110100     5728
11111111011100110100     5744
11111111101100110010     5744
