00000000000000000000000000000000           x
xxxxxxxxxxxxxxxxxxxxxxxxxxxxxxxx           x
xxxxxxxxxxxxxxxxxxxxxxxxxxxxxxxx      -64212
11111111111111101011111000000001      -64212
11111111111111101011111000000001      -62888
11111111111111101011111000000001      -61564
11111111111111101011111000000001      -60240
11111111111111110001110010111111      -60240
11111111111111110001110010111111      -58916
11111111111111110001110010111111      -57592
11111111111111110001110010111111      -56268
11111111111111110001110010111111      -54944
11111111111111110001110010111111      -53620
11111111111111110001110010111111      -52296
11111111111111110001110000000101      -52296
11111111111111110001110000000101      -50972
11111111111111110001110000000101      -49648
11111111111111110001110000000101      -48324
11111111111111110001110000000101      -47000
11111111111111110001110000000101      -45676
11111111111111110001110000000101      -44352
11111111111111110110110000101110      -44352
11111111111111110110110000101110      -43028
11111111111111110110110000101110      -41704
11111111111111110110110000101110      -40380
11111111111111110110110000101110      -39056
11111111111111110110110000101110      -37732
11111111111111110110110000101110      -36408
11111111111111110110110000101110      -35084
11111111111111110110110111110110      -35084
11111111111111110110110111110110      -33760
11111111111111110110110111110110      -32437
11111111111111110110110111110110      -31113
11111111111111110110110111110110      -29789
11111111111111110110110111110110      -28465
11111111111111110110110111110110      -27141
11111111111111111011010001101011      -27141
11111111111111111011010001101011      -25817
11111111111111111011010001101011      -24493
11111111111111111011010001101011      -23169
11111111111111111011010001101011      -21845
11111111111111111011010001101011      -20521
11111111111111111011010001101011      -19197
11111111111111111011001111010110      -19197
11111111111111111011001111010110      -17873
11111111111111111011001111010110      -16549
11111111111111111011001111010110      -15225
11111111111111111011001111010110      -13901
11111111111111111011001111010110      -12577
11111111111111111011001111010110      -11253
11111111111111111011001111010110       -9929
11111111111111111111010101101111       -9929
11111111111111111111010101101111       -8605
11111111111111111111010101101111       -7281
11111111111111111111010101101111       -5957
11111111111111111111010101101111       -4633
11111111111111111111010101101111       -3309
11111111111111111111010101101111       -1985
11111111111111111111010011100000       -1985
11111111111111111111010011100000        -661
11111111111111111111010011100000         661
00000000000000000000101100100000         661
00000000000000000000101100100000        1985
00000000000000000000101100100000        3309
00000000000000000000101010010001        3309
00000000000000000000101010010001        4633
00000000000000000000101010010001        5957
00000000000000000000101010010001        7281
00000000000000000000101010010001        8605
00000000000000000000101010010001        9929
00000000000000000000101010010001       11253
00000000000000000100110000101010       11253
00000000000000000100110000101010       12577
00000000000000000100110000101010       13901
00000000000000000100110000101010       15225
00000000000000000100110000101010       16549
00000000000000000100110000101010       17873
00000000000000000100110000101010       19197
00000000000000000100110000101010       20521
00000000000000000100101110010110       20521
00000000000000000100101110010110       21845
00000000000000000100101110010110       23169
00000000000000000100101110010110       24493
00000000000000000100101110010110       25817
00000000000000000100101110010110       27141
00000000000000000100101110010110       28465
00000000000000001001001000001010       28465
00000000000000001001001000001010       29789
00000000000000001001001000001010       31113
00000000000000001001001000001010       32437
00000000000000001001001000001010       33760
00000000000000001001001000001010       35084
00000000000000001001001000001010       36408
00000000000000001001001111010010       36408
00000000000000001001001111010010       37732
00000000000000001001001111010010       39056
00000000000000001001001111010010       40380
00000000000000001001001111010010       41704
00000000000000001001001111010010       43028
00000000000000001001001111010010       44352
00000000000000001001001111010010       45676
00000000000000001110001111111011       45676
00000000000000001110001111111011       47000
00000000000000001110001111111011       48324
00000000000000001110001111111011       49648
00000000000000001110001111111011       50972
00000000000000001110001111111011       52296
00000000000000001110001111111011       53620
00000000000000001110001101000001       53620
00000000000000001110001101000001       54944
00000000000000001110001101000001       56268
00000000000000001110001101000001       57592
00000000000000001110001101000001       58916
00000000000000001110001101000001       60240
00000000000000001110001101000001       61564
00000000000000010100000111111111       61564
00000000000000010100000111111111       62888
00000000000000010100000111111111       64212
00000000000000010100000111111111       65536
