xxxxxxxxxxxxxxxxxxxx    -1008
00000000000000000000    -1008
11100000011000000000    -1008
11100000011000000000     -992
11100011001000000000     -992
11100011001000000000     -976
11100011111000000000     -976
11100011111000000000     -960
11100100011000000000     -960
11100100011000000000     -944
11100101011000000000     -944
11100101011000000000     -928
11100111101000000000     -928
11100111101000000000     -912
11100111111000000000     -912
11100111111000000000     -896
11101000011000000000     -896
11101000011000000000     -880
11101001001000000000     -880
11101001001000000000     -864
11101011001000000000     -864
11101011001000000000     -848
11101011111000000000     -848
11101011111000000000     -832
11101011111000000000     -816
11101100001000000000     -816
11101100001000000000     -800
11101100111000000000     -800
11101100111000000000     -784
11101101101000000000     -784
11101101101000000000     -768
11101111011000000000     -768
11101111011000000000     -752
11101111111000000000     -752
11101111111000000000     -736
11101111111000000000     -720
11101111111000000000     -704
11110000101000000000     -704
11110000101000000000     -688
11110001001000000000     -688
11110001001000000000     -672
11110001101000000000     -672
11110001101000000000     -656
11110011001000000000     -656
11110011001000000000     -640
11110011101000000000     -640
11110011101000000000     -624
11110011111000000000     -624
11110011111000000000     -608
11110011111000000000     -592
11110011111000000000     -576
11110100011000000000     -576
11110100011000000000     -560
11110100111000000000     -560
11110100111000000000     -544
11110101001000000000     -544
11110101001000000000     -528
11110101101000000000     -528
11110101101000000000     -512
11110101111000000000     -512
11110101111000000000     -496
11110111011000000000     -496
11110111011000000000     -480
11110111101000000000     -480
11110111101000000000     -464
11110111111000000000     -464
11110111111000000000     -448
11110111111000000000     -432
11110111111000000000     -416
11111000001000000000     -416
11111000001000000000     -400
11111000011000000000     -400
11111000011000000000     -384
11111000111000000000     -384
11111000111000000000     -368
11111001001000000000     -368
11111001001000000000     -352
11111001101000000000     -352
11111001101000000000     -336
11111001111000000000     -336
11111001111000000000     -320
11111011011000000000     -320
11111011011000000000     -304
11111011101000000000     -304
11111011101000000000     -288
11111011111000000000     -288
11111011111000000000     -272
11111011111000000000     -256
11111011111000000000     -240
11111011111000000000     -224
11111100001000000000     -224
11111100001000000000     -208
11111100011000000000     -208
11111100011000000000     -192
11111100101000000000     -192
11111100101000000000     -176
11111100111000000000     -176
11111100111000000000     -160
11111101001000000000     -160
11111101001000000000     -144
11111101011000000000     -144
11111101011000000000     -128
11111101111000000000     -128
11111101111000000000     -112
11111111001000000000     -112
11111111001000000000      -96
11111111011000000000      -96
11111111011000000000      -80
11111111101000000000      -80
11111111101000000000      -64
11111111111000000000      -64
11111111111000000000      -48
11111111111000000000      -32
11111111111000000000      -16
11111111111000000000        0
00000000001000000000        0
00000000001000000000       16
00000000011000000000       16
00000000011000000000       32
00000000101000000000       32
00000000101000000000       48
00000000111000000000       48
00000000111000000000       64
00000001001000000000       64
00000001001000000000       80
00000001011000000000       80
00000001011000000000       96
00000001101000000000       96
00000001101000000000      112
00000001111000000000      112
00000001111000000000      128
00000011011000000000      128
00000011011000000000      144
00000011101000000000      144
00000011101000000000      160
00000011111000000000      160
00000011111000000000      176
00000011111000000000      192
00000011111000000000      208
00000011111000000000      224
00000011111000000000      240
00000100001000000000      240
00000100001000000000      256
00000100101000000000      256
00000100101000000000      272
00000100111000000000      272
00000100111000000000      288
00000101001000000000      288
00000101001000000000      304
00000101011000000000      304
00000101011000000000      320
00000101111000000000      320
00000101111000000000      336
00000111001000000000      336
00000111001000000000      352
00000111011000000000      352
00000111011000000000      368
00000111111000000000      368
00000111111000000000      384
00000111111000000000      400
00000111111000000000      416
00000111111000000000      432
00001000001000000000      432
00001000001000000000      448
00001000101000000000      448
00001000101000000000      464
00001000111000000000      464
00001000111000000000      480
00001001011000000000      480
00001001011000000000      496
00001001101000000000      496
00001001101000000000      512
00001011001000000000      512
00001011001000000000      528
00001011011000000000      528
00001011011000000000      544
00001011111000000000      544
00001011111000000000      560
00001011111000000000      576
00001011111000000000      592
00001100001000000000      592
00001100001000000000      608
00001100101000000000      608
00001100101000000000      624
00001100111000000000      624
00001100111000000000      640
00001101011000000000      640
00001101011000000000      656
00001101111000000000      656
00001101111000000000      672
00001111011000000000      672
00001111011000000000      688
00001111111000000000      688
00001111111000000000      704
00001111111000000000      720
00001111111000000000      736
00010000101000000000      736
00010000101000000000      752
00010001001000000000      752
00010001001000000000      768
00010001101000000000      768
00010001101000000000      784
00010011011000000000      784
00010011011000000000      800
00010011111000000000      800
00010011111000000000      816
00010011111000000000      832
00010100011000000000      832
00010100011000000000      848
00010101001000000000      848
00010101001000000000      864
00010111001000000000      864
00010111001000000000      880
00010111111000000000      880
00010111111000000000      896
00010111111000000000      912
00011000101000000000      912
00011000101000000000      928
00011001011000000000      928
00011001011000000000      944
00011011101000000000      944
00011011101000000000      960
00011011111000000000      960
00011011111000000000      976
00011100101000000000      976
00011100101000000000      992
00011111011000000000      992
